251091058098
251093015424
251096662070
251091291653
251092742314
251093666483
251096486531
251096793062
251090087192
251097629838
251096904356
251059965615
251092656585
251092425744
251091993990
251090242254
251097789419
251090350826
251098902770
251091168608
251091833366
251097777321
251091602321
251093207549
251091082400
251093065219
251091046830
251090671030
251098697295
251097836562
251096981353
251090771780
251095532945
251092320092
251071693332
251070502692
251090496709
251097996997
251097902446
251094024943
251058324008
251095168441
251091051026
251093687742
251097795860
251094284544
251090614803
251090994455
251091215137
251090587073
251090304357
251098013853
251091955548
251096111110
251097591445
251070701479
251090485635
251096483116
251071814340
251095214529
251098945773
251097811656
251096050378
251091725776
251093648170
251090057019
251092760525
251098306919
251089457734
251070244951
251099077569
251092319719
251096724955
251092471023
251077755548
251098569780
251094141704
251095676635
251093700013
251098527653
251070601680
251068457377
251091519663
251092262001
251078610885
251093276226
251071217142
251093764985
251071233812
251090727033
251094087831
251099581932
251090830431
251092113995