251993836629
251922077872
251989027707
251965606062
251946982390
251911057111
251978004213
251927953527
251967288368
251991985060
251918454103
251940442139
251910184040
251954249989
251908218123
251918776274
251922707319
251915640791
251995574743
251964336457
251913762411
251956999158
251929615511
251965086311
251915804220
251966253404
251964482133
251939316253
251907344770
251945830363
251941918765
251995437754
251942845443
251971940868
251960788189
251949241600
251977637407
251947430941
251998144928
251983090838
251919953183
251905147762
251909954562
251927625621
251993480431
251935551219
251945742239
251911357800
251995200340
251980640385
251934299559
251970908181
251943844925
251902599251
251948153510
251912280105
251909003000
251907764087
251949228586
251956717185
251908460834
251925291196
251914356801
251963058060
251956715463
251982364956
251938258929
251954536347
251936252916
251921966164
251969476069
251943433929
251973511492
251921053952
251928509128
251991639155
251991167129
251979791216
251921791146
251900502778
251900871924
251963327892
251910400563
251952549046
251970591385
251911650370
251913746617
251998454646
251994905421
251926303909
251921630879
251939021777
251967676221
251956919894
251982425597
251935298734
251979378309
251974169072
251990135135
251991191683
251976641046
251903509259
251940389811
251985775764
251936896942
251939019382
251913849976
251992015619
251974854828
251917190058
251924911331
251983537943
251930040875
251989117321
251961070158
251924898427
251910896521
251962190040
251911339672
251987802750
251986372084
251969941658
251986000286
251975868754
251992542044
251949882004
251952342129
251934456342
251942903459
251969758233
251922988759
251967149259
251988494996
251905651348
251924097930
251978789513
251994929435
251911567086
251963924080
251974324383
251926667601
251965912537
251998168819
251927756880
251967080832
251945232297
251910757659
251987365989
251953567126
251940013574
251931687341
251932825222
251918284821
251965050140
251955825477
251900932329
251988181864
251975514379
251962265571
251901287289
251946500385
251928616875
251946079963
251946443245
251944509680
251935321077
251955022933
251986972952
251996969172
251995819329
251921856066
251910532493
251990172877
251920200540
251904690244
251931694707
251948661016
251912942319
251910910441
251963017757
251976358901
251957723442
251947075000
251986227899
251936572459
251926613861
251941737394
251936488685
251912813357
251937381801
251952552945
251984811494
251953406717
251937000133
251967189869
251903593903
251917708966
251913889513
251995471344
251939256838
251920811970
251910856739
251950693683
251946873865
251985414412
251911586798
251930546584
251931807549
251945183016
251977880309
251988570661
251944847700
251993440144
251990262153
251950671499
251924895558
251918589327
251936674244
251926761993
251920969615
251960626239
251993651395
251941888627
251964103491
251976026132
251965396024
251969029682
251923854815
251909619455
251998469107
251940966972
251931788233
251966368347
251915983315
251991656363
251968666745
251952009777
251983128916
251978088146
251978407087
251988626893
251962873737
251966390154
251994701001
251925879922
251921904796
251932029799
251992004862
251938441667
251913693148
251968382835
251955957427
251927434837
251932392980
251985588740
251980444928
251940878313
251965422758
251997051118
251948870966
251975857018
251916425857
251909016676
251962594265
251907858327
251943114840
251975772104
251904153272
251967412012
251975158113
251921318921
251956915685
251911591339
251993696797
251929296167
251948949410
251909711530
251991614060
251948342339
251998694922
251927237286
251909163732
251908902925
251901887408
251942513718
251969194267
251989233710
251927755922
251905102482
251954532832
251987814203
251996367404
251956919948
251929898709
251907504099
251921106678
251977663920
251931890115
251992216218
251944351156
251907098365
251936474897
251914292209
251955474635
251904945695
251910746375
251972549751
251971901488
251986921784
251995270895
251950010909
251942764192
251978201361
251914344934
251968591246
251901173932
251925331081
251973334490
251920271461
251956051341
251944740594
251985821921
251910142017
251992429240
251982675154
251993262618
251913154346
251920120182
251941939324
251966206872
251971841868
251998644261
251930398706
251999469541
251966279292
251940154784
251979678693
251965923949
251991713757
251916411998
251996486461
251904112238
251943189147
251972278747
251911816283
251965344131
251912992103
251984051629
251968561129
251931873426
251909000939
251952182510
251998900370
251969910589
251968881584
251963006042
251968109511
251922458771
251985206615
251953821259
251967089878
251949196481
251950514546
251955234981
251963654749
251988472554
251914021485
251913811350
251913158190
251947332535
251970780684
251933065295
251926897038
251913506084
251924577667
251977072359
251973560205
251929808482
251984666806
251960232249
251984676541
251905820910
251901551224
251942087836
251933159535
251941067485
251970641264
251932453097
251976964823
251962192787
251998075707
251967180501
251995014892
251953377817
251983142235
251906316830
251919366167
251918011854
2519394844533
251946911663
251910406566
251912790817
251962023393
251949760158
251930883675
251966426089
251901008781
251901765713
251912005899
251924394355
251954751402
251953140672
251910442419
251960740705
251950580625
251913634449
251973599132
251927165969
251915277843
251902025330
251995847783
251927409744
251907633973
251927305046
251984155071
251903107651
251922117972
251960423381
251948464798
251981321545
251914642252
251926627014
251909861313
251938053065
251966778208
251986170104
251994873901
251920270226
251946870888
251973736146
251909651396
251952218003
251960678040
251903226250
251926038708
251928740969
251993101805
251928359059
251905447243
251940667533
251964062517
251980650845
251977720818
251916023219
251993189363
251911223344
251902782767
251910078036
251924732472
251968297621
251949794519
251973976469
251962104012
251973640569
251982718473
251919218954
251954765536
251909898999
251968655223
251947981662
251980109088
251988784437
251981942399
251983326210
251966093263
251982327251
251901217442
251976689142
251981769468
251906368577
251913832798
251984991802
251929312987
251947316420
251931102519
251990378399
251993592468
251950670638
251920134936
251926488858
251985396185
251931339080
251911077271
251934883794
251982081717
251998590217
251997258433
251904180844
251988091964
251969194942
251933283345
251911590644
251942207701
251956540567
251914915464
251953753026
251978588757
251962340024
251924286036
251929189589
251939908010
251927901306
251943162572
251909660102
251913310775
251962193993
251943074856
251930856183
251947477638
251967690602
251984627916
251973430377
251949254890
251942304955
251948915057
251954323929
251988203052
251936745656
251951168203
251907458345
251921955858
251942941104
251936818354
251918736063
251938374833
251957374696
251918370202
251918412050
251995227153
251984706669
251923664815
251962077522
251925150673
251995621354
251967249559
251982773927
251944114666
251971904228
251929441931
251988019735
251948402595
251957070358
251946957217
251963625156
251992592466
251955214640
251967071212
251955408198
251938329256
251976262595
251949972100
251931629445
251961733788
251940410672
251914736934
251948436320
251934293670
2519911223344
251923829096
251902332437
251998860743
251977386896
251960693690
251995549523
251954069529
251984632812
251963426688
251968934950
251982421001
251983064371
251974078217
251942496614
251946083003
251934442122
251951443370
251982243976
251909071147
251904885712
251911105672
251978142337
251989542041
251995057619
251924130398
251921171024
251947481831
251953560257
251927486567
251909509645
251909867002
251989979642
251940396974
251911163557
251935759028
251916644681
251909921964
251924883842
251907378855
251928526211
251908688011
251924544874
251929045436
251910837451
251990409635
251912696887
251995538803
251943538353
251960643681
251910585510
251910566289
251966330073
251994971579
251900357629
251956010242
251991216805
251904928660
251962189820
251962090525
251906745808
251998451734
251900359420
251923281431
251992260676
251943332222
251907652979
251908604206
251991104357
251999664934
251939855986
251972450139
251999650866
251979632806
251943300180
251914080286
251957525373
251904841247
251930545020
251907287700
251926033446
251968100333
251934009397
251964005836
251939521670
251967285475
251963538352
251922331624
251977738627
251936701393
251997001869
251966403829
251972101689
251993817195
251967413044
251939076483
251913441891
251913442136
251907061378
251917998958
251919962777
251901874651
251956598679
251916927324
251915582079
251979408707
251953432198
251983032068
251920735231
251987027730
251926673211
251919828236
251947144700
251966960974
251976729165
251941881789
251912510998
251942884187
251977047527
251978154037
251946135045
251904160209
251961948053
251949848181
251998858551
251965349819
251997024672
251931262143
251981803434
251982174675
251943033425
251936144648
251964514184
251903124828
251921227178
251900277039
251941205809
251986255107
251995917157
251913983335
251917907411
251948804616
251911381687
251900353946
251951052509
251937442672
251912314151
251972398189
251950279799
251952350851
251908650730
251985261918
251901060117
251934484791
251949878425
251957506800
251990065514
251985085908
251903538133
251968089641
251982466751
251902503911
251920646627
251930666350
251937376553
251975792629
251909203740
251931603944
251907727172
251963238352
251992494935
251989713491
251906217427
251910537132
251986753562
251932862416
251907733113
251936606565
251930413869
251977723058
251917153043
251972958773
251955906320
251902454990
251996524811
251930861347
251942119004
251924947405
251997493193
251935239719
251940873866
251939715817
251945893846
251961855740
251909858350
251917983072
251978833947
251948668658
251962534311
251916401667
251970845944
251997384093
251936013297
251990384673
251965331742
251927857603
251921374088
251927017127
251918374927
251994840247
251907721340
251942653243
251923656804
251924507614
251906779750
251900642168
251981974050
251966104858
251953757006
251962243967
251972220797
251944740514
251968060934
251950186311
251941006741
251973026176
251936441166
251914637018
251910907479
251954647855
251900625804
2519337390991
251970820750
251934114303
251912289484
251905113381
251986420616
251921129626
251993192990
251975740526
251983171842
251990038739
251979896595
251916415299
251916129848
251930309321
251920103970
251907717803
251943730203
251982500710
251921794719
251922782371
251903085564
251957367750
251988492719
251976005983
251935218486
251976267300
251968877911
251997367173
251939371771
251966401330
251940409570
251953529270
251926354700
251963094692
251924983489
251904580858
251930681356
251910671095
251932961717
251932075495
251913354565
251914217461
251919993770
251946152414
251980784940
251957736873
251957919770
251952709393
251910824320
251922421836
251915636949
251949541588
251945212221
251974086539
251911141010
251938360467
251962275587
251910291751
251960539293
251932821714
251979710943
251989958819
251945145833
251952359977
251955329453
251950413190
251954926421
251999085963
251911017472
251970932385
251995641384
251964487746
251949284890
251900202317
251906331400
251997464382
251916191443
251986655732
251915703912
251979276045
251989369419
251913075070
251900634602
251974124062
251969699212
251925509155
251910142276
251946555779
251974895000
251979957519
251953503280
251985313593
251920769253
251941514610
251921444230
251941159281
251956479375
251988037301
251961111105
251919808005
251969876177
251930001671
251995633945
251930879305
251972575981
251915536882
251961356021
251909388061
251980143058
251927383891
251902025536
251955381424
251955747927
251955525055
251904263491
251934464536
251940391712
251972356448
251997016934
251979767484
251900823074
251986607931
251961896835
251912320492
251985777240
251992341464
251919449431
251975725242
251908208648
251933964482
251972182141
251922655489
251986763747
251984729114
251900458370
251962108383
251974859546
251945029437
251997104946
251965694713
251955947930
251921426433
251908902005
251932074892
251904980818
251980813611
251945459028
251998026818
251976653785
251943105067
251964239122
251903392058
251983154933
251986770235
251979630652
251979012814
251993802864
251983472780
251928524904
251963445616
251921258158
251904936756
251954975232
251988336028
251904324582
251927673977
251922500525
251939469995
251996957857
251978932285
251940571835
251994048452
251975103503
251908590089
251978324787
251962277179
251976834602
251965496075
251924059447
251984193465
251918429569
251948897241
251926565850
251933843385
251900464716
251908066774
251977117061
251980996279
251904990393
251950053584
251998894491
251989381684
251927889237
251927297490
251921306090
251920777415
251988692971
251926869962
251997166465
251906328449
251964334604
251993824066
251925983971
251903321706
251935948343
251939321130
251968825854
251930813746
251915832336
251912307981
251965750053
251941604216
251943872628
251973942929
251995972226
251912049117
251969043568
251994556174
251910079124
251969741032
251974271761
251983321151
251962116898
251953941347
251980038250
251968614027
251928516040
251954845036
251962669372
251962711139
251954573809
251939482890
251900465373
251914721100
251989938409
251974660698
251983534706
251972840191
251992452273
251922028139
251987234209
251941387379
251905335208
251984155151
251993359265
251930777960
251930068444
251963881206
251956064547
251990015262
251919856760
251930199108
251900291339
251934556705
251988331282
251937434442
251997730029
251943203763
251955526920
251913356931
251925060850
251991196734
251983361359
251987084619
251986943070
251922251389
251912421230
251949898311
251933037952
251906690193
251988971367
251922045833
251964415869
251922240243
251902507154
251943628591
251927242954
251970258932
251913394687
251906966931
251987553544
251966932195
251941393797
251922259991
251910284788
251921565268
251991848084
251941288714
251967263065
251913653949
251930207153
251936197994
251923165282
251979190802
251940309434
251957035216
251921704414
251940800873
251987755751
251902551438
251980590720
251974404753
251990868212
251948720719
251911396566
251902867016
251974386489
251940259091
251996927207
251940599458
251977481086
251993943427
251950387032
251930249797
251913915150
251902411437
251982303799
251967279183
251976877573
251946635109
251980045418
251964272393
251922532505
251910869638
251931371413
251973910797
251925143747
251901121302
251903642284
251942446012
251948145421
251972605139
251944371640
251922839798
251990656550
251954467566
251913897869
251910599258
251946350683
251901883753
251951324192
251956445560
251918403058
251953542505
251953822039
251980540133
251952568259
251943440741
251928677604
251996015118
251965294433
251900368542
251937515238
251948480615
251985046806
251999018474
251981280678
251963492980
251925974516
251920346970
251970075209
251944109947
251966926810
251950166568
251939571599
251993372950
251918307028
251980494728
251987263267
251937140040
251945853211
251940476409
251921858616
251964536748
251956004939
251963436457
251935940041
251904062998
251942831448
251939885902
251915969321
251919312231
251983336108
251911043771
251931927025
251935936114
251919649701
251913393388
251925501810
251979547668
251985180054
251927466213
251929812118
251954383581
251974021276
251940089646
251933680273
251918434615
251998104290
251905279963
251985642851
251912313522
251934187120
251991154468
251962902274
251995519537
251976247671
251929067382
251919145961
251901028498
251972347112
251918795139
251911560997
251946601696
251915054972
251908934339
251977104305
251940472564
251941817970
251939737553
251952700937
251907268940
251967301842
251924955436
251973381385
251948231686
251931618918
251999042098
251907323713
251935401070
251904059911
251912100541
251970856221
251932205246
251908070981
251997104949
251935549644
251902107414
251960948858
251948102228
251924484823
251936704558
251998466921
251931206881
251954073050
251999568376
251910892700
251909608605
251912429803
251950229426
251963367617
251907272187
251948719568
251923565082
251903412043
251960421680
251900024844
251902810557
251995405138
251924548472
251913790636
251936507053
251913030182
251974447865
251949984937
251902402816
251962772648
251904730270
251985816892
251974448839
251939626662
251996349807
251995404177
251942951865
251994837254
251914171722
251985065139
251978597314
251970088937
251941410630
251907717602
251985253530
251941987739
251980358773
251918036018
251916869212
251989850831
251930861348
251957588087
251979905561
251909661771
251967387325
251901396852
251940252050
251900971096
251964870778
251982046239
251936100010
251999607528
251909864971
251906257838
251982962311
251989101844
251996494695
251962164264
251920458902
251991338780
251952770761
251908522486
251998998983
251930560490
251922571149
251905540484
251904086327
251947020732
251997790998
251962895011
251911829564
251927237328
251985251123
251911159225
251979311978
251952721666
251978416838
251987309701
251955028848
251925333443
251984621695
251951097043
251905241244
251956378750
251912817016
251929047996
251938456891
251991091600
251907831099
251980809081
251978493999
251934345571
251904431913
251902906072
251910123013
251935467391
251937461562
251998356071
251954582897
251937799518
251960334177
251973089718
251915508301
251934607380
251906640918
251925846100
251906631644
251989710340
251982623992
251936143816
251998971868
251951713156
251992427302
251938373581
251955103795
251906148031
251998844434
251912103556
251929170910
251972354662
251967133538
251986364861
251902250760
251983647542
251901369322
251997127460
251926746741
251945756676
251980992127
251912520371
251977151040
251965742254
251979830399
251930129719
251914483221
251901980115
251921977290
251941850063
251910013162
251940928867
251942843991
251946654096
251910285902
251933878163
251901543938
251902301766
251911012694
251953591878
251974118730
251960588866
251980523962
251968591689
251936051919
251968082642
251945682611
251919458325
251976902911
251913061215
251986802505
251901034772
251940543088
251957576100
251912709124
251996865407
251921046914
251931568365
251950259430
251938343455
251953345702
251946469305
251978734098
251923093416
251960002802
251931627971
251961543678
251920137905
251909727277
251900254593
251927210158
251976066809
251915035801
251908345879
251996141363
251953686682
251941268421
251975328273
251909581551
251971729868
251953557561
251914295189
251924712336
251938873433
251939998962
251912423788
251911638697
251930879302
251910224661
251963691848
251913665435
251941841901
251984625431
251937737389
251998765760
251964521238
251946694357
251963263625
251967872973
251970209723
251991028027
251949541168
251985017453
251994836849
251969799430
251993856120
251987407877
251976049420
251968286785
251955006444
251930600591
251903840617
251942241689
251938543927
251907235063
251901960660
251929093567
251974852116
251984200906
251922335456
251961527585
251933020265
251911892211
251911424552
251910884555
251911048306
251915538370
251900026185
251915947594
251925896131
251991321583
251984056542
251934025203
251914630122
251961200912
251986670464
251951694661
251920962858
251955058243
251969721895
251966526882
251908262630
251960245877
251926793238
251931636271
251955224291
251964219132
251921943068
251914512199
251914838544
251941799920
251932188771
251909199264
251925302579
251937649850
251946613959
251924111570
251970415058
251995709254
251929245748
251932021384
251955701397
251961715757
251924004856
251983386946
251974731227
251997264238
251935236131
251919005439
251991350843
251911899864
251993789045
251927382135
251903438066
251963288228
251913607347
251972784524
251932260040
251977643474
251939505988
251997048769
251946075672
251929423026
251905091178
251930990699
251912049989
251977800773
251936698522
251938115657
251914737070
251913884138
251915761601
251906569072
251935574255
251994421060
251920207484
251982845028
251948000159
251986658347
251922863090
251978128627
251945406464
251971766942
251936133997
251952133255
251995608940
251977448780
251914091037
251902929869
251992949989
251965548714
251911615000
251917824317
251979111143
251909811340
251966257213
251938970503
251973417104
251954524658
251905107893
251915788554
251970998469
251963344003
251968758275
251903208051
251939742155
251966356013
251972731954
251929120167
251914231848
251910203040
251920935297
251941061079
251909110267
251954491087
251961016875
251988035977
251932029450
251901998823
251922354651
251982613736
251923197192
251934876409
251913152089
251943103794
251964822264
251941188298
251941424154
251980327205
251923680279
251991578994
251910665762
251906544787
251901853477
251996849800
251925298119
251939876339
251956689555
251909356067
251953367009
251938535142
251962821696
251926898522
251918835015
251912201250
251923339012
251992770890
251931833344
251928197075
251953077740
251931210174
251913745164
251922588018
251910894814
251924543382
251915539778
251921424618
251930713869
251986235448
251996331688
251911348824
251957912118
251967438671
251985540700
251908793262
251915915795
251903640599
251937946314
251902432031
251986061845
251949989925
251976818543
251907272541
251913533214
251962762910
251930035256
251964643693
251990473287
251993368543
251946727959
251900093991
251982020810
251940249430
251934076066
251973175732
251918030334
251967416617
251933050191
251918056441
251908720408
251984936550
251989445646
251952764213
251916870995
251936105175
251939365016
251977414002
251934619508
251971731463
251912631611
251974735999
251961419308
251924632316
251950919156
251932658621
251912117617
251939991646
251924210115
251903230852
251928010979
251912478794
251904703568
251911463439
251977310203
251941400153
251906662424
251902215864
251986711622
251924383659
251972535609
251945293940
251973845211
251908781122
251977089176
251913189992
251942216407
251998501656
251903613763
251976551557
251957713669
251974416216
251942397932
251962766338
251906973764
251903228652
251901482140
251984338475
251924626582
251938370755
251942738298
251990089728
251912092007
251935154131
251929341940
251901773610
251913146417
251965978794
251986193171
251935671101
251913732924
251904353535
251974797016
251994286802
251904352912
251986813580
251931674168
251933722006
251934489279
251946140472
251956455065
251989107435
251985827330
251980529341
251968277277
251989336748
251919817265
251971779376
251929687330
251983913720
251979477344
251935169277
251903780500
251951235115
251969977700
251983063458
251928662735
251965538136
251908295782
251965257913
251968335228
251964466992
251986996741
251952638917
251992153927
251984720671
251953066109
251928147060
251975389825
251907268860
251988867172
251991445139
251954376451
251922362971
251974547099
251999128723
251964545172
251929540084
251973635265
251948472460
251968092701
251985572360
251945266627
251934122663
251975215021
251983154237
251977764329
251995740638
251914227771
251918115884
251912221933
251984112845
251988769939
251999206335
251963681152
251938429185
251927362144
251905054722
251951755576
251940287770
251999350940
251965982115
251975731931
251963341195
251931047979
251912356778
251903313082
251961925568
251962667251
251954149915
251992730504
251991579404
251927449986
251904102659
251937626296
251929050509
251972570653
251931011948
251950874402
251931845333
251986422267
251932136065
251968350449
251919442602
251955235731
251964347061
251948807440
251970046659
251932103650
251988842306
251945755280
251922442037
251912763580
251921258599
251948589386
251947274309
251993667695
251923539412
251944119117
251908232570
251976597023
251901634637
251969689922
251926785885
251921889521
251977218847
251927763820
251974026506
251910104040
251947171345
251910290688
251947966581
251907082343
251918033046
251976332059
251975765124
251994221785
251942458511
251900847379
251969410292
251980341522
251949568063
251983314863
251960621268
251909395329
251983651601
251953585236
251965104402
251924451686
251954273708
251932375250
251925790823
251911336185
251911053464
251960925397
251950085828
251939166855
251913755317
251980629625
251962365184
251919692284
251906840147
251982385693
251951242367
251911152262
251942030092
251941437568
251914881022
251950933788
251909060054
251937953403
251928213234
251998129600
251934531230
251912345678
251970359075
251997464385
251930050548
251921225917
251954878439
251942957880
251908476542
251909764908
251964209456
251900726769
251938396141
251900246780
251936036856
251919212107
251982036612
251911560691
251911343178
251909807792
251921043791
251901769468
251902692236
251909590428
251925814962
251965011932
251985380365
251919454183
251952053900
251963715207
251954422647
251941144473
251938577873
251932156444
251952998273
251980793939
251918316625
251916327225
251919192441
251919166425
251927277759
251900190858
251914586232
251933086051
251924139743
251901924721
251994590697
251937393658
251994596729
251992164147
251922348231
251908799562
251976594477
251910483135
251938141085
251973709854
251910382412
251974643650
251965043980
251903672608
251928196173
251988360994
251955851331
251999801148
251970790280
251923442664
251979552969
251949503094
251930010117
251942241686
251982454281
251974746099
251954523313
251955718961
251966335818
251901961051
251939570758
251922837288
251934323868
251989877903
251960674665
251953439443
251928832613
251909181158
251994040726
251980329812
251913039439
251953041012
251960894888
251945169789
251951915868
251919031705
251948743208
251918052275
251963113292
251912812055
251965831244
251974333562
251939129774
251908256225
251977988809
251993593954
251948205412
251976838999
251930120195
251986914231
251916939104
251918154776
251945900432
251936583286
251984924980
251920123488
251937639352
251918003702
251972676605
251902283545
251954969948
251912082576
251943076514
251944684782
251927435665
251907844254
251961204744
251932292954
251966688764
251975494531
251923425801
251938274637
251932712379
251910594942
251941008151
251963211478
251929644148
251909082938
251970327002
251915579565
251946436732
251911567889
251901964030
251960905557
251955230749
251987063669
251966802675
251928441744
251923780607
251914156423
251953377811
251973350044
251928636581
251925240147
251931070148
251993501056
251926071674
251988005500
251940413943
251984562166
251985487228
251960827589
251937797575
251941250460
251939484533
251968863776
251927495706
251912028156
251941124007
251987899493
251951241382
251922835757
251928947753
251945153235
251974446912
251966474646
251946193382
251985038020
251985276530
251932345106
251940724248
251927063721
251905637609
251973452405
251969950975
251926394246
251906107607
251912966391
251975390296
251988328669
251922473284
251981743028
251974586577
251956671264
251966775587
251902256755
251940082547
251943484370
251942168772
251928185657
251938867853
251965598154
251915685284
251934951008
251931974610
251940738688
251935202392
251955569313
251904599093
251938166764
251921556097
251954192398
251991752234
251968007050
251972160273
251930893507
251934315208
251992702854
251900729246
251975738773
251979367387
251985743489
251944634629
251988908282
251997900918
251946754396
251973880554
251956775011
251980842522
251912091600
251948777763
251938068482
251957756287
251933203270
251965154830
251978813091
251975969602
251922331236
251921891310
251986722775
251924180964
251924282583
251986667119
251932267882
251984308925
251968390333
251976135213
251909540439
251912042002
251927523824
251940735013
251923296777
251945355121
251922793849
251989476493
251967209672
251931787346
251956541858
251995270894
251915554279
251988570925
251930550521
251983832548
251929142499
251965205383
251998749434
251938503138
251946077385
251903472734
251920096095
251945589953
251904729968
251945756808
251912364505
251983448206
251995700606
251995306532
251977289963
251922217282
251998934896
251920667674
251992480371
251967066571
251989015324
251919042317
251975778040
251996775761
251988770075
251949049022
251907779405
251916360184
251951793917
251926776522
251972057072
251972720076
251908905296
251953749108
251939522248
251966728693
251927744067
251912186901
251913165840
251917423396
251986024481
251979827163
251982931000
251954126495
251941564496
251933234802
251909044918
251978681815
251913665392
251929593881
251911272499
251902061349
251968543469
251988769395
251987289394
251940001354
251923602471
251929591396
251905862240
251982080844
251900968921
251909769498
251919649043
251919889612
251941688593
251934089930
251917328963
251965059429
251930154249
251977133132
251996482435
251984561000
251979458040
251992466683
251986354922
251957617850
251956005176
251974678688
251941992013
251997124238
251926282981
251983199030
251963776880
251919021515
251925742324
251987286987
251906855831
251938916771
251964455004
251974897016
251938486099
251903300139
251975123170
251973123366
251923798812
251983386698
251996336421
251967245939
251967788642
251926382835
251963262794
251937372473
251976236046
251991966050
251969189817
251910580987
251992937217
251913369924
251985677564
251900330135
251984440465
251923869339
251984814054
251970588871
251935453560
251975522145
251937390991
251901008791
251939296295
251927089043
251914462085
251949433369
251919821789
251940421260
251951406133
251999999999
251900076810
251960127132
251968469434
251951852006
251966813991
251909767152
251973297238
251974318676
251961462731
251976039037
251966624340
251986993250
251969530722
251939987090
251941707953
251906807264
251936481703
251967947767
251944208699
251903587258
251961298808
251945764445
251985006269
251939173187
251933783427
251953077799
251950835193
251968204588
251915505792
251967041675
251970945995
251949445638
251948480654
251904216756
251901034838
251953942473
251981240629
251913280333
251927407007
251917067657
251988800693
251934307016
251980907155
251985650185
251941013924
251938424521
251923121595
251986727117
251956148750
251962105300
251950533055
251937410982
251920833268
251994440380
251961314474
251933842686
251979969874
251942787360
251966883216
251980102046
251932281915
251911367987
251954753622
251913244970
251982811155
251914414514
251994134741
251918713459
251901425462
251949166575
251965672864
251918320843
251902005102
251985751745
251977737234
251934402929
251909464799
251920780578
251952231051
251978093780
251946591820
251955737361
251934625076
251996739857
251930400091
251902588990
251911076511
251927566010
251951345021
251918202652
251912148615
251913631302
251989414697
251913210266
251986575712
251911096242
251911376796
251951846311
251950643064
251996738203
251984617246
251989109022
251918833020
251928017846
251993487349
251976597987
251940269840
251900110022
251914761142
251967819476
251904170133
251965361600
251960156717
251944641092
251913856673
251935343177
251970321415
251962817193
251998618218
251990083043
251901693084
251903580099
251940074561
251967368201
251961905682
251921545636
251911430621
251920696911
251923378552
251939881448
251954623404
251932523433
251926268905
251975235826
251901582281
251914850917
251939432696
251939409313
251961454403
251903717019
251969072643
251987755712
251912983099
251911163687
251926693426
251990383409
251921106407
251946883926
251962687456
251904927815
251947160078
251920238298
251912377313
251904730434
251924516916
251905595703
251924837721
251952042839
251939228652
251969077449
251979008428
251902123279
251935156456
251968500751
251987990292
251904117389
251951899981
251947183597
251926281648
251926444126
251903561666
251928394178
251956337353
251910889714
251966706894
251986353033
251939537074
251966546641
251923418518
251988223139
251932365570
251920846716
251966078476
251943217143
251941266632
251986615434
251989471628
251909773323
251960203139
251929335978
251902449436
251949596925
251935780821
251992661616
251989794734
251922569139
251986169773
251965986599
251962122971
251925215383
251994251053
251912939950
251902316226
251996313565
251957419823
251918210379
251930900323
251931976332
251918821779
251931772678
251929801204
251929454940
251975084356
251903194899
251929315193
251944701080
251972520827
251922945858
251907041720
251945107334
251963573017
251932762267
251968869418
251929927038
251982496543
251939228468
251992017417
251914460941
251940484040
251912916532
251999648398
251925232426
251964915110
251968457204
251907613255
251976120228
251930072776
251935759514
251960444468
251961334343
251935397874
251953501304
251989570158
251927752369
251916230909
251918220303
251932011752
251940820383
251900568994
251991384776
251975289305
251938563867
251900961932
251972147191
251911196735
251940141530
251936598213
251989074987
251904851428
251910653502
251939174748
251983202426
251982887233
251991591086
251923129699
251971773015
251946631968
251973325569
251981333251
251910316391
251964691848
251913652190
251900048541
251968469431
251991136849
251943508751
251987787811
251932473792
251954198195
251963461484
251985651797
251944129225
251901460246
251963524343
251997716068
251954548362
251910601429
251946998394
251927605254
251938898694
251972746761
251940807474
251968107156
251978846785
251961617229
251926847786
251930194160
251961334918
251940698475
251925547545
251994025321
251929417346
251975932903
251908334849
251980626106
251968836922
251953262129
251914359616
251948884734
251983726895
251909562641
251973286438
251907567206
251925154039
251952106998
251968574368
251909301244
251905402581
251917846077
251998729783
251903749395
251954696886
251908620180
251994514083
251980010096
251922648888
251991030220
251964894902
251938723045
251962083694
251911239939
251985352121
251924462111
251930213411
251968473552
251984185643
251997789709
251924182283
251930776768
251908183543
251903236481
251955607992
251924567856
251988255942
251944100564
251980452690
251922020924
251937803592
251921866324
251963600500
251970222236
251987144610
251927476119
251904277790
251935450048
251909514122
251960219162
251962617417
251914492524
251972586429
251943666620
251962023433
251916777111
251943844603
251955661009
251902858065
251920764192
251910779275
251933299143
251960134273
251993443131
251961574677
251936759286
251916429996
251994013462
251935750405
251962180317
251957590271
251989865326
251916930956
251968758953
251937727250
251907086765
251966732782
251906800167
251974596890
251905951089
251924152641
251989287037
251940488626
251903923881
251921167924
251911352785
251940287596
251921470174
251914196990
251941717273
251974843099
251904039328
251991441743
251948669186
251964359501
251983717161
251939514430
251906008013
251913384821
251999209716
251949587046
251920993539
251919206251
251976694100
251989181207
251957548870
251977776069
251963081622
251961072896
251933169001
251920691537
251903093258
251920083789
251918366365
251940535865
251901403841
251941410250
251974171584
251961690597
251934124470
251998098505
251985172151
251926893995
251943707073
251920138658
251992953455
251931871317
251944000280
251934382456
251992712104
251915279008
251981747070
251999007253
251915788293
251932335890
251968538832
251910428294
251969460888
251971922838
251905116836
251912520056
251988534838
251970141598
251913797823
251983773382
251906842424
251909616446
251997431665
251914576019
251972198786
251939865767
251920380040
251910802920
251939419761
251929031907
251986538085
251989454516
251961967523
251975035469
251979159625
251960799210
251984200558
251918651154
251941020800
251999252349
251970608724
251911267938
251928194699
251908736868
251978190010
251981359389
251925931024
251922788255
251940471592
251974353240
251927663400
251976323102
251932793781
251931986421
251901940870
251963174880
251957664751
251979016344
251993888387
251972488692
251973374764
251921077311
251956386202
251906734720
251921322345
251962454394
251932458759
251905852494
251915573572
251983588672
251975583200
251900198686
251961058096
251970095643
251920302596
251977652007
251972570385
251919185751
251952541364
251952641121
251921043857
251996381039
251939387411
251902507155
251973023404
251948075695
251918381928
251967080592
251941057176
251944172515
251917345739
251925300999
251988133173
251979675176
251919361029
251970733501
251978177743
251957349905
251930649509
251928017153
251980400804
251941026167
251902520862
251987044191
251998836205
251989103820
251920202320
251945477890
251936990014
251957763990
251949739052
251936163264
251942135213
251969434468
251938930702
251983056832
251990231718
251928666655
251932468045
251915419451
251965351415
251966385511
251932476460
251951029930
251996038875
251993887862
251993818951
251953949301
251973477772
251911363243
251976306217
251979200976
251941498218
251996533669
251932160713
251920847211
251904675582
251983837610
251964245129
251974087132
251902093521
251902567353
251929295363
251967170007
251985934155
251987973184
251986597126
251910592025
251973741851
251942119209
251911047291
251933722026
251921922233
251930470768
251964135872
251988265525
251911365356
251909863859
251926376030
251928643174
251920333661
251981842118
251920251648
251918129744
251983084684
251943234148
251995676673
251962902543
251975349129
251910197144
251944869277
251950552063
251981733770
251938505495
251919182434
251918033270
251937063224
251925423986
251946986184
251950208262
251920945932
251920482387
251939672412
251961913718
251905432407
251966155139
251900727735
251970028853
251966450829
251973558019
251947625603
251956151551
251952618030
251987107615
251951699799
251925513509
251912289481
251952401402
251978850235
251910567355
251944490717
251987142060
251984182976
251987282835
251947927650
251977679026
251968577100
251928947544
251980221821
251944406175
251994251181
251903339432
251934907796
251989479229
251911948986
251989984794
251927981010
251993471586
251956766352
251913274537
251911062165
251949762510
251972922971
251989407973
251985221306
251977335616
251955535629
251988185059
251988533838
251933360204
251911736237
251900109761
251987014939
251908792577
251923393388
251907875234
251954856113
251939815709
251923624845
251955777922
251912387412
251906596104
251965605027
251957991552
251979645867
251995118920
251946401930
251992709716
251968718797
251924131382
251943871090
251993013695
251952477522
251963828834
251963109796
251940070236
251904216648
251992730658
251937075239
251944977716
251953092820
251949705652
251927045073
251987270145
251929393451
251967541301
251911474432
251925466213
251908087107
251913472911
251907311610
251940223807
251925513768
251902791287
251908538612
251948091529
251920272427
251997049161
251935541164
251903318735
251979649047
251991129513
251920013474
251939006877
251924163427
251981711155
251976137352
251914147002
251973743145
251921797046
251925695898
251936622995
251935572299
251955735270
251997328763
251970265681
251907941612
251911390745
251995809384
251953661398
251964000809
251989163003
251954460846
251965596268
251953501944
251951052939
251932874820
251929304656
251934242960
251936025128
251972725547
251928091172
251993599671
251941358321
251919939167
251904864195
251967930629
251913878761
251937211859
251932750535
251938316796
251972229034
251955819226
251900666361
251942788460
251997054557
251976023157
251991068722
251928271744
251935677030
251912939760
251967802942
251974268684
251965327205
251934122420
251914610835
251948256222
251902785047
251991385325
251990671391
251952223421
251951400665
251953249478
251969754169
251920482641
251927411661
251933711948
251953128967
251977565231
251970423810
251920555532
251937404554
251939910856
251953890251
251907649557
251923992743
251951581189
251909021227
251995459555
251946593551
251920607366
251999603626
251928715901
251908835595
251929276547
251900067953
251928387235
251908895757
251988150583
251906946468
251952519966
251949879711
251991755208
251992543451
251933928233
251919818093
251911049507
251933920949
251963109206
251972216444
251912640410
251988330928
251937323911
251922895294
251928627247
251943258505
251985590958
251980760069
251921667338
251967205990
251905586116
251968121743
251935259307
251926519654
251910971487
251961568635
251931150763
251990595946
251950440384
251997285187
251917142661
251937480056
251993933217
251901102943
251919737891
251945460020
251963947346
251984297164
251900642652
251910791609
251948016415
251969180502
251900541852
251994978658
251914898204
251991032902
251988276965
251989528838
251984381890
251984882644
251991275219
251927040486
251923513443
251926305722
251927780184
251942467589
251900769526
251932118956
251942812783
251940399341
251914632378
251908683358
251934904671
251901494476
251939605750
251982439219
251974449983
251909284165
251993548417
251964358642
251950062599
251904054540
251969118078
251911019715
251950908601
251982887419
251930989018
251981989391
251983955179
251930784596
251910266842
251988771587
251901231289
251940089649
251921926983
251941931600
251994964585
251909738522
251922318507
251913982924
251925615416
251988485628
251961531458
251940965378
251922536755
251931363797
251949758055
251956816177
251921854155
251988330294
251903085881
251912957947
251901989307
251953731313
251982074416
251991036523
251978587725
251957879787
251973857722
251981715250
251940455124
251911380734
251964152130
251939760167
251919073113
251931904398
251912973010
251974618096
251952764489
251950149025
251931216300
251975001379
251960373587
251961039172
251964095254
251966806864
251986184634
251936832526
251939294147
251906147681
251905813040
251904926007
251942265442
251933321378
251984968795
251954425946
251934494540
251963529624
251921639643
251996863853
251996504917
251964328456
251914381700
251965724871
251971788732
251930110625
251912993446
251978168411
251926853901
251979734098
251973051316
251931760996
251993481840
251982766931
251909273050
251987957426
251973678487
251904487374
251949828577
251990775697
251904108295
251949024230
251968201493
251911052099
251932183324
251940879175
251919442261
251998069844
251963157755
251992681992
251969847154
251989170091
251938422628
251985505153
251954418040
251904792424
251911234567
251997323464
251907325443
251956011331
251973745628
251942565805
251968585994
251938390991
251965382324
251966008302
251973701006
251972704260
251922632496
251916237515
251918941879
251960885157
251979678647
251991123619
251919907407
251970335329
251935863340
251974290845
251944163703
251906138903
251914086371
251910800479
251936303212
251963616341
251911312339
251939550331
251944935824
251992791044
251977567163
251965665078
251989293530
251978781909
251939880584
251904263245
251953131116
251914622802
251925577975
251963364221
251916208374
251904752572
251905779770
251907505990
251963333200
251964887537
251933454183
251938758996
251919874019
251964077055
251911560332
251983982019
251900012492
251951247976
251942105904
251904915217
251919262495
251993649722
251930066079
251976846629
251923801154
251961718397
251992715794
251961066172
251978920464
251954529655
251917801864
251933728295
251907610498
251943800230
251987915566
251915808617
251970021136
251984967684
251950361626
251935584844
251924080163
251996589514
251981881816
251911993236
251989172747
251903733863
251937501413
251978620378
251983501505
251953933535
251922801032
251995193561
251956325424
251982061950
251964351104
251995236538
251900353368
251933051520
251905033713
251977739467
251906262776
251949154543
251950400720
251902988053
251991188950
251950779374
251928556776
251969541617
251964179843
251905471644
251948879943
251961685530
251923081882
251900077246
251953132503
251912317333
251913094961
251934996737
251925237597
251935521134
251911138865
251977598314
251977696122
251978766315
251995792476
251934168036
251908936288
251967721518
251997285777
251919775155
251948086568
251978762084
251943868564
251939295798
251977028247
251922775468
251945187834
251966639068
251904862699
251980907842
251939531260
251938281451
251984959796
251967187732
251908512863
251911686800
251911184047
251920952901
251974614369
251968025219
251904590288
251997207723
251934963633
251933979751
251985679333
251917069208
251979709851
251943104736
251926005889
251961715060
251960428903
251965873187
251949965342
251913037107
251999050500
251913077927
251970827611
251984047643
251920218921
251932902616
251927089464
251919334679
251933014542
251980580927
251983985004
251973643745
251978053999
251920303889
251988374496
251909967546
251954755813
251901076116
251956411463
251941331461
251922269031
251982695850
251932773212
251930386020
251938674959
251912308123
251999118674
251939513441
251946159699
251989001791
251949469680
251984688595
251953000397
251951196519
251908413185
251986688778
251932301880
251910262179
251980079167
251908059918
251971845829
251963384992
251902002589
251902914844
251912343923
251992720106
251931375234
251917898273
251942854670
251943250237
251913334341
251972398608
251933806356
251989508570
251976881157
251969604881
251926635663
251926098807
251964280084
251949018712
251943037515
251923535129
251959605812
251916585753
251973693334
251982530601
251912986465
251951464952
251929029714
251985725278
251918066465
251990456702
251990218040
251914340244
251949894478
251929787636
251996454190
251990196277
251952817179
251948696232
251989120563
251913218695
251901615556
251940921548
251961016968
251923864137
251900720397
251965276909
251909810383
251905102533
251929866860
251906503703
251910502141
251967339098
251934012912
251913047859
251925493346
251951828543
251977325597
251931573963
251966510802
251943571365
251924121213
251938540945
251907054586
251918803369
251911901686
251942609657
251936471754
251965113214
251945972491
251912726296
251920953368
251984041250
251947981661
251943548926
251968852014
251919555483
251913877592
251949684114
251951809278
251931159179
251988330291
251900127419
251979662782
251964257718
251984001551
251961281753
251992999943
251949344399
251911388092
251938139676
251909382414
251969491345
251988222860
251990110403
251928586663
251973528493
251979452342
251964017531
251956160631
251902449446
251900578019
251927264556
251963564089
251963841465
251920025056
251928915244
251964357801
251986921888
251922928264
251926176929
251966643654
251936343402
251969744715
251921995368
251949395224
251904905307
251945392512
251921417500
251987511889
251901875946
251977958603
251948512842
251998325289
251987842183
251994042855
251984834402
251955777956
251946530572
251902265826
251977669218
251994111910
251981598092
251942820574
251972912054
251933319570
251915048464
251901319902
251970480507
251979683044
251913741098
251952600112
251934792252
251943176344
251938125217
251970307394
251910607637
251963429244
251993776431
251989571223
251931568965
251937105686
251994588974
251933335935
251942894594
251924613898
251941740952
251912774416
251980256878
251938460864
251988573637
251964111772
251946053676
251900112614
251989347739
251920986618
251976019334
251963630200
251985199965
251955085455
251970566095
251947388357
251911717798
251994075683
251996894452
251926812076
251901497471
251915140005
251985082016
251942415709
251956969072
251947550547
251924511161
251903346416
251941165124
251964426881
251999779609
251920046374
251941936896
251935333567
251983238161
251973220400
251906043702
251937986772
251988331711
251961160791
251995633645
251953935778
251912225674
251953421090
251936046795
251994950020
251953145642
251970735482
251912670751
251902694274
251954421327
251980713973
251945888767
251900127549
251973672914
251965223447
251978553445
251966337978
251993658735
251951482316
251982353854
251955982513
251909884260
251913543419
251957990085
251912660170
251941706303
251903522545
251916785300
251913259627
251938411187
251950408008
251975494272
251916214591
251903208100
251943822232
251911136177
251982019811
251942135427
251929246947
251913185944
251970502741
251927752399
251909563500
251945997541
251966583429
251962472714
251943057262
251945585262
251963614613
251965161472
251949591414
251918711778
251944552081
251903823310
251961013875
251953037517
251955039443
251920438208
251901254842
251973855637
251911665751
251930397426
251998264499
251973460556
251978064390
251923541103
251927370092
251941244394
251963780226
251912054649
251982454524
251941377050
251923157498
251940070574
251908094844
251935594884
251910279361
251921710701
251915030282
251954601213
251911151816
251989160739
251968340653
251973690408
251968073230
251955626845
251974247946
251987907324
251901041848
251913522834
251945362512
251915196637
251911223345
251985079916
251938766758
251909650440
251923470847
251925291199
251946671312
251979000401
251913919126
251917669376
251950584400
251927252225
251914399592
251919301418
251982605326
251960374738
251942199061
251936708992
251924697037
251922670581
251929410723
251991427942
251982685761
251960578160
251995956163
251933016153
251934745928
251977963057
251957956530
251901017479
251924462121
251949701607
251997070061
251921005068
251938119336
251974236662
251920276819
251903345059
251922456490
251915732979
251989036812
251969841135
251962781280
251993906030
251941732432
251968949533
251979462435
251924742603
251973722740
251953763798
251954834079
251942536029
251952830766
251992373787
251900389495
251964237998
251999465482
251976881216
251994200673
251924496449
251968771820
251920481102
251928678554
251930217904
251985711580
251919968033
251960345877
251991406186
251954381003
251981391003
251954704609
251907234622
251970485858
251980509949
251902567410
251930413354
251924362395
251996070784
251974700445
251981956634
251955622738
251940873032
251995670707
251992059407
251950404743
251937005902
251918224924
251912444122
251908344935
251947315600
251979304857
251927073182
251926375179
251927806174
251915607940
251996335285
251957052186
251969150517
251936255895
251974803246
251902217592
251974626967
251931461160
251910151813
251954403642
251948289888
251909522853
251917698367
251954446364
251930600013
251937562756
251942852667
251938719147
251908390568
251913910973
251945089660
251989499099
251968470934
251994388263
251910789602
251925006161
251944818358
251921492308
251921246828
251956782526
251920720890
251936425187
251923503960
251916305755
251988188181
251969890470
251902384634
251985349497
251965894650
251903196789
251963318674
251954141069
251953600435
251938360626
251952572630
251932725685
251907043332
251911361718
251906158389
251936996785
251995270923
251910110028
251926276501
251986060715
251914914108
251963544610
251933637464
251905775063
251930482174
251916913075
251922769472
251920765269
251995631566
251985733698
251976088386
251991712401
251922755331
251932726740
251933737033
251988207032
251952355634
251978763256
251918582749
251938394639
251931410834
251927903020
251968316335
251967112732
251951621599
251991218434
251935209992
251932476025
251966567337
251911901901
251977227345
251966762013
251967890820
251927787320
251943480973
251940760222
251989819112
251948517872
251936509843
251990567016
251953107743
251906211529
251965013237
251996186279
251978588557
251987898954
251950884553
251964946011
251962105807
251925242943
251910965875
251967688381
251927010621
251935974409
251911875778
251953230118
251909124479
251920746715
251927150871
251963180708
251973857354
251938774807
251967857867
251979420517
251982394290
251914448179
251921709585
251985327408
251915027122
251967631291
251927520451
251934545774
251947714196
251921139959
251936664839
251909123027
251994697169
251923953850
251938736374
251944447821
251902639809
251929941736
251926127093
251982570711
251919245128
251919011516
251902515621
251929332112
251918866417
251929816937
251934970252
251936050548
251979798066
251948897973
251988881789
251905359903
251985758898
251949389140
251907459426
251965779127
251927059844
251924203686
251944444444
251952618610
251961485904
251970569621
251962461712
251913154235
251942529280
251986897658
251967357874
251910760293
251994908421
251914065841
251924225585
251951818328
251987099699
251903740946
251979562146
251996630919
251995559103
251945671574
251960504036
251983994776
251932599079
251928109556
251953945741
251905707013
251913028605
251952078209
251949644924
251975921679
251912276428
251920806521
251984139793
251976737414
251900082894
251931684047
251974906514
251930812444
251939929074
251942137986
251953305529
251962694306
251967777034
251938033471
251998952345
251937399091
251969174298
251925342385
251921624773
251976653784
251910281864
251951978389
251984814540
251942701047
251922903510
251961760805
251923313427
251900777634
251913753765
251910949876
251978132439
251913444425
251912327281
251940535324
251929977091
251951811086
251902830955
251937854938
251920977413
251970524870
251970161365
251968374694
251922194290
251937110868
251983039706
251941480039
251939815245
251909997410
251932666283
251920037910
251902020243
251937862773
251912150152
251905719716
251955692048
251967308948
251911931648
251996901687
251962887362
251974090569
251986982324
251997189470
251975098583
251911454891
251902289779
251966460364
251904258021
251969917202
251963576891
251972795151
251945229607
251998394903
251976824624
251979182931
251918311999
251948207052
251926619982
251941035241
251964947225
251974007908
251908124331
251941711881
251929043163
251941366002
251993652391
251946351901
251925282592
251965789196
251940969478
251922680488
251998220423
251938738530
251965059647
251965158212
251987611438
251946754721
251922614937
251927723898
251905950575
251963586936
251948803146
251983868029
251913187695
251960973425
251930777596
251988587340
251963933952
251933410051
251909678952
251910164524
251967254438
251915270383
251935403636
251905050121
251918682864
251903794838
251922375464
251940401115
251952246205
251988120898
251978119296
251920408983
251973579932
251962332238
251989062987
251912694843
251938026641
251922810869
251977292539
251905315916
251956001212
251916872068
251904526238
251962011441
251941107462
251939736060
251908029072
251941164157
251956861463
251985523216
251946188072
251988451367
251987484075
251949814726
251990188967
251900552069
251924297490
251939960252
251957658371
251939389025
251962900083
251925460916
251908745326
251904866914
251962400684
251960245568
251913178264
251974523169
251960760348
251903373407
251954386580
251991774593
251953508846
251968827221
251923516363
251940774697
251912011932
251901316585
251942231311
251944719833
251972237874
251975040346
251987064467
251970311268
251941713065
251954035325
251940751677
251907626847
251909567857
251977627066
251947974847
251910638713
251911541462
251953246371
251921569742
251912571280
251957322480
251927559088
251909335453
251915005408
251966012956
251960152565
251991093386
251912329907
251944441147
251987720575
251920845002
251919963561
251910226061
251952062121
251960222592
251910346124
251938181436
251920558921
251931166104
251916982022
251997289282
251989238949
251908470947
251942632068
251907941546
251921670073
251981285413
251971734480
251965608449
251939506464
251929304642
251975464908
251968061463
251974189648
251912741854
251921054242
251926945565
251989440975
251927323192
251985942157
251920244426
251939044728
251960066995
251903334557
251964301267
251976827506
251910871520
251973758610
251969997084
251972720058
251970764748
251986735892
251973311123
251922438417
251939201626
251937033377
251940885715
251961109906
251939401220
251976332991
251973114009
251904235199
251977930561
251977114242
251994195536
251929788353
251912121213
251993451587
251913037104
251999623446
251912433325
251941313919
251903751462
251967138129
251964024490
251905329842
251912239790
251976063704
251931603926
251925714772
251908368229
251916083771
251934007639
251917800475
251960181612
251906828072
251944049268
251929076942
251938342032
251905880602
251942160366
251919779994
251905683251
251954718029
251904044115
251980106416
251920743342
251928188326
251968973001
251957581058
251969699980
251993526294
251987120172
251965596267
251935457328
251974122457
251950291783
251967254786
251951320127
251978946850
251960334175
251902022483
251938111156
251913313613
251993449116
251964329144
251997481267
251964542866
251950158107
251983092887
251986679836
251904446607
251963346966
251914352460
251974298157
251984220016
251933533434
251932161614
251937657562
251913424027
251949742078
251903334839
251905102835
251947203974
251997627658
251960945012
251921263482
251979769810
251983481471
251980820870
251931225954
251953846657
251980744010
251992319222
251967860020
251902568328
251901745792
251922758960
251964364464
251938363517
251963332469
251950402921
251947974877
251991129936
251928719112
251906211671
251984496503
251952858510
251924173991
251926723992
251913038882
251944838364
251942976062
251954509676
251981953841
251916558953
251926473475
251904337123
251957956130
251987045979
251990990063
251966648238
251947837595
251991067595
251931602531
251954176706
251905136046
251902985283
251951175340
251993185362
251916718510
251966587483
251932540223
251922212481
251938553910
251972742426
251960110858
251976346622
251918793232
251955349851
251922149008
251948418454
251978867707
251980196139
251918346188
251957795395
251914717588
251980078601
251947647574
251968005889
251944660326
251948565604
251952378402
251921272739
251922803611
251946199503
251950081642
251932623252
251900496592
251987611892
251935904763
251975550306
251923271695
251935089084
251902569333
251911881178
251950024387
251953909758
251992909341
251922581080
251951067572
251922882347
251951984983
251963290602
251951024606
251987133604
251986345383
251949400349
251947814544
251939320055
251954168030
251972323598
251988225177
251911193848
251994222269
251962747443
251953474189
251973737177
251915622992
251973525126
251910087207
251925005254
251988507077
251966837517
251936704818
251933826591
251984511515
251989321462
251910143454
251946698774
251912047739
251967921080
251907649851
251924273744
251910360475
251977653745
251984371850
251900584350
251934278441
251990837616
251924173104
251926970297
251934660182
251912076070
251967441987
251931143588
251921666819
251986800301
251952727634
251966303902
251910824000
251981994518
251963648029
251952562543
251976792738
251916651518
251964950664
251938910932
251941114443
251993140958
251968987320
251927264989
251902445415
251921481638
251902374777
251948448116
251908058143
251987258404
251955742725
251933522737
251995236909
251932212922
251956478400
251988052473
251912007230
251913068882
251925397143
251942575106
251977761801
251932291747
251923801441
251900555677
251963727606
251970021400
251950485003
251925889432
251929598237
251953681555
251942841298
251932080114
251974074370
251916305752
251922469168
251979453076
251933322176
251974536576
251998465655
251922174134
251922949314
251964788827
251971725805
251973994150
251968850454
251916761966
251943584875
251912904546
251909032220
251942808052
251912692537
251980626109
251950208292
251946123587
251966937441
251915598753
251979776442
251943835023
251982645867
251962652175
251979738859
251908390844
251969664011
251988190652
251905785626
251907848088
251976980062
251932994936
251904427630
251924262137
251918745979
251940116935
251920550300
251976768008
251972747268
251909384906
251944826579
251960583707
251973886702
251982159439
251997849091
251989407404
251909270036
251945454500
251962123654
251983630739
251967986368
251913969623
251964530851
251986171213
251976986575
251926907978
251944167987
251900965725
251954485661
251953811917
251945289078
251994502744
251920577534
251973401283
251912417264
251912104111
251912138937
251954834433
251996300808
251994669052
251973479819
251901516566
251960047984
251939118435
251982280231
251916937183
251968571651
251936189561
251939790467
251970657814
251938435430
251902055827
251979792009
251913664571
251970423998
251953923885
251919959686
251920756154
251969361391
251928875362
251917639424
251926787858
251954692822
251976041038
251966818770
251937847392
251907696635
251969338212
251941424155
251919502322
251997160311
251969059588
251902662432
251970858468
251943745074
251987120175
251977795156
251924359653
251975623444
251975209891
251930207966
251918565438
251965706769
251978592316
251977409171
251904432863
251975402634
251907161313
251973492892
251940555686
251987763740
251912076375
251969912718
251913918900
251997376044
251904055400
251923368262
251988669171
251959681246
251947076372
251939130711
251941881732
251940406002
251978234479
251969841830
251901873069
251979024461
251930596468
251922367408
251904172481
251976010053
251913751370
251957504015
251986562632
251935249335
251949796014
251914266850
251944406814
251942556972
251965269478
251900012348
251929800099
251976097961
251965596544
251964447707
251915962421
251912613791
251903793665
251962825287
251948717155
251952532296
251962537280
251936138817
251911065785
251932383725
251968073100
251949262996
251993206456
251945433882
251975389578
251952991595
251900830632
251929530535
251950250418
251919223218
251920804672
251948402148
251952756244
251900761452
251960508903
251933910288
251944700797
251946288585
251905653411
251977496880
251911882619
251907707762
251955792303
251984666306
251922744477
251951539877
251956055116
251989595030
251910688471
251900324789
251900724125
251900353752
251983694533
251923526326
251967627275
251968100323
251987509668
251969652413
251992556109
251956043031
251966928078
251932641438
251946814230
251972711497
251985721884
251940478495
251916706687
251907448982
251956460728
251919826451
251997227324
251941406710
251991210996
251946806567
251911333483
251968100939
251929494537
251953789253
251921999041
251931039172
251968870425
251968905253
251944322606
251929516142
251920316315
251970802559
251997595792
251953373577
251908608545
251996900458
251946490692
251949723608
251908716698
251911095429
251948962007
251910943698
251995868516
251985697809
251985947783
251960420359
251986880864
251960170926
251929076990
251907454533
251987944238
251944299126
251932638387
251962938853
251925020734
251998962720
251919587721
251972082800
251947357586
251920788641
251993940438
251908452265
251961334353
251966763836
251909964042
251954834252
251906513004
251944088766
251973754456
251910537184
251944034174
251922425772
251983502426
251966601509
251963320333
251926883941
251931206146
251981959590
251910305982
251933336403
251917640513
251951704071
251918028808
251913067744
251952236731
251923656066
251974979478
251931209304
251983623807
251925967203
251951367733
251983353555
251989121403
251988105298
251986883020
251985365475
251920579910
251944074443
251912667184
251913728475
251915004330
251993356314
251994456001
251918333668
251944900385
251953465569
251955134365
251920029827
251986950044
251911691076
251965412099
251967208590
251911502296
251969695800
251951128382
251995261677
251968656654
251910681583
251926735815
251980138533
251911806502
251919548559
251920687792
251998949123
251924257441
251911698801
251913652842
251902460633
251924874460
251927407191
251974295806
251942921576
251940489158
251973259664
251954466084
251939208741
251904124054
251916396326
251911377220
251949961201
251976335340
251969652393
251930847461
251975372834
251947902158
251975544436
251908620531
251965981072
251997167767
251972220634
251939348175
251903016682
251938166483
251988593839
251988573955
251934757249
251904023409
251994989844
251984199865
251957722629
251964495180
251942733714
251907154282
251922304488
251963838553
251938355559
251969813535
251929515375
251939730324
251952135176
251933969557
251967939714
251968613273
251923493781
251969347530
251975390602
251972709739
251910585164
251969876421
251946598482
251967868432
251973223339
251966780127
251916393700
251931494697
251928934934
251951177437
251919128775
251920572336
251944368958
251911481923
251991832536
251901085868
251952250536
251911452937
251902211043
251948886463
251974479401
251934837689
251912202465
251934805217
251923202290
251903271402
251967995281
251947614760
251927273270
251948519159
251996481930
251941077385
251981569869
251942436862
251987970532
251944559537
251925604837
251909886638
251982854172
251900512863
251979703013
251972753553
251966387447
251904752765
251902245478
251907486092
251920993922
251918259922
251915436197
251966747431
251957043062
251909891313
251992679293
251984815573
251902659803
251994671645
251963547926
251907426184
251970634393
251977417556
251976168953
251975047732
251914914912
251980482617
251927223762
251992924925
251951099410
251950220955
251962226163
251941103861
251936786550
251972271794
251964111106
251954790744
251990401406
251973952071
251961543132
251968300347
251918147725
251904513566
251900308030
251976609626
251916176741
251923195283
251919089457
251915819582
251924339323
251924263375
251967591788
251910059628
251904125028
251931329497
251980315454
251910446404
251918012085
251957701113
251966838554
251970501262
251979991799
251991263469
251928076826
251986571216
251993941065
251964074788
251983382124
251905642309
251904119839
251945186110
251913709555
251979005948
251910972510
251961978268
251926470117
251914636683
251908519924
251981453791
251956688057
251974747040
251919191044
251949837791
251989274295
251923450947
251970625789
251970757745
251991443118
251964748180
251955681609
251924832993
251919939904
251973294479
251993445448
251904976004
251907277685
251949605366
251978344463
251927024723
251963029610
251965425239
251961305951
251927159921
251945477194
251932683207
251930010574
251921079795
251974137044
251916871097
251942087839
251970571315
251935207210
251940209933
251980270466
251944699328
251992707916
251993954485
251905565106
251966453881
251910240995
251924279960
251949374763
251948495036
251957748364
251966627841
251937174876
251982443182
251992083886
251981766263
251967935819
251902524973
251904697367
251984547012
251948557441
251957537162
251952876834
251975914456
251927068973
251985838020
251900158724
251975422706
251922542959
251937602887
251961111107
251924595568
251926354985
251941829118
251926157905
251944637244
251999459588
251900832388
251911628282
251910881744
251983587814
251940062741
251967669789
251926861822
251913686824
251994601812
251992192104
251905730598
251964480955
251911856996
251974861176
251975069988
251975393263
251937401127
251901217217
251938732886
251900462149
251936431127
251970525239
251972479355
251933333403
251918767559
251940107468
251937372024
251941861901
251953715671
251912279249
251982945757
251923671091
251968284469
251915275150
251921983752
251986489868
251953003079
251977946049
251924710234
251983117501
251963470984
251921152721
251913757738
251999303269
251973552545
251931929369
251951845071
251916472492
251996530002
251930009854
251925123927
251922142101
251929321253
251918863127
251907384982
251914458720
251931893464
251925327909
251905057993
251991801854
251904283620
251947097718
251920844211
251929941976
251987226745
251928879354
251991213484
251920129361
251975436831
251915910423
251922378166
251967515644
251910738444
251967651139
251911964746
251947235803
251921385244
251938305580
251918891946
251942045405
251977709803
251968910519
251964252114
251989371942
251948033347
251967166654
251999517577
251951934713
251918182160
251987745568
251901980118
251932156114
251901324835
251954255656
251969178404
251980433193
251918269885
251954717663
251978947108
251919191216
251918708000
251905870737
251983455956
251936243551
251951292282
251918924257
251918520356
251962782064
251948209951
251986858384
251941955785
251913214921
251933347614
251976154318
251907122408
251916338811
251965644312
251951483442
251954851019
251984498064
251974363565
251912422736
251975253957
251911885929
251953534892
251951133727
251911185884
251910580909
251963596392
251939990277
251918363202
251989993674
251931786906
251913524893
251969736934
251923713094
251987852021
251937481576
251922557904
251942096514
251976168653
251990779740
251982864339
251906924969
251978406713
251918391309
251954011696
251965752713
251925832426
251916874810
251904966913
251955987284
251962147707
251931330777
251952553640
251972536314
251922827232
251914059434
251913579329
251930823156
251920423887
251900207462
251969373587
251988359709
251951645212
251987230624
251938181318
251945783298
251968166958
251951026380
251949494677
251967698252
251977891130
251918261251
251962658667
251901061263
251965612225
251904083193
251948010257
251974421152
251942662772
251961111106
251990107721
251936642251
251939194228
251962492033
251911795938
251966895139
251974280577
251912944565
251926711894
251909202442
251949955683
251970738427
251954914704
251916412736
251933001429
251920642092
251993759009
251923830776
251942372425
251928692015
251909717677
251982927332
251918998837
251967493423
251924061557
251907440083
251960957092
251913492674
251957099531
251994980917
251936088009
251939211320
251980063995
251929360218
251951403146
251944775714
251926832833
251960268280
251921218889
251983046036
251924409516
251922967517
251912854184
251975997294
251912763097
251965608490
251916677939
251918914800
251989701980
251908675982
251980197712
251969334542
251926743560
251975765127
251935437578
251922351185
251923160007
251969656462
251966103064
251914525044
251925203344
251944969655
251914437581
251916366959
251984028879
251960410239
251982830467
251914051040
251914649318
251941848922
251904132563
251967564039
251969517357
251982896367
251980002866
251934407350
251913608250
251981706959
251968868939
251946413885
251902707820
251905772693
251948584527
251929152834
251957467080
251923937889
251992098234
251965290813
251973352083
251966345168
251944203853
251986881788
251909221675
251988092106
251928954311
251925661889
251922355020
251924377334
251946491988
251987371982
251918097587
251969594651
251902474244
251949464949
251932982910
251981979649
251960656050
251975930477
251963190801
251995289745
251924991448
251937869670
251957604899
251929278142
251926639000
251921444238
251962840852
251934708748
251991855220
251907713581
251998999797
251939367695
251913948726
251918301433
251929381039
251946023623
251987280557
251988463553
251962726424
251942999998
251973417247
251920262482
251961094428
251939952038
251972430368
251912041760
251940116930
251934807779
251986323890
251949429024
251951481238
251902526902
251992512266
251973099613
251975048269
251931468131
251960882962
251910630793
251989142152
251910691257
251951844378
251966378788
251956557873
251962054931
251947110100
251998159265
251964431974
251906316041
251937285748
251927686269
251900729735
251942174717
251922904984
251944714349
251955636600
251921608671
251974551085
251974760594
251993689593
251927323172
251926083488
251918952002
251974223105
251989654329
251953890510
251935318355
251914424845
251935992103
251904185937
251910211769
251965079591
251995748134
251988350790
251952685873
251973519134
251953411741
251900470106
251923957992
251911098550
251961696565
251953902176
251963479183
251942740571
251947533939
251971816161
251901039965
251919739178
251982083600
251904201806
251916056597
251983583466
251988804564
251976646303
251952800319
251911703367
251902610727
251932065340
251913748905
251927574497
251960212357
251959688837
251955014134
251909528526
251987825216
251940116152
251957716592
251960972012
251953386914
251953293158
251976689246
251930222965
251940032042
251982340389
251978093750
251973558069
251940434834
251957358374
251921922347
251918045216
251907454552
251960264963
251954176489
251972431686
251900402116
251907360285
251955299299
251999013934
251987764291
251973022963
251916045714
251935132556
251998894391
251978034565
251902221978
251982496687
251961860631
251973888875
251917236522
251951261307
251922605793
251992494932
251951546766
251979051464
251912845858
251960503784
251938393640
251907549557
251935456218
251949837796
251931502883
251963075127
251912432630
251953092830
251970130750
251963395069
251907239860
251918480806
251964814214
251944984131
251921264871
251929058535
251967270104
251990549328
251924318102
251985574689
251943216036
251965020500
251953677036
251988353292
251972922144
251938348307
251941549206
251918369174
251913397680
251961966246
251900959020
251951143803
251953451200
251908304312
251900196207
251947152516
251920955609
251913847292
251966339460
251943044603
251911788210
251987195066
251969517386
251922131389
251946462032
251963022153
251939385855
251956582354
251969430913
251966981227
251912829860
251913339879
251946684438
251983476427
251987848150
251912634941
251919462867
251957344836
251939897128
251984449202
251900309830
251995002744
251946880785
251975001564
251960846391
251933883899
251962957487
251933814390
251902420623
251987913885
251919093096
251910279418
251902363037
251970255173
251979125691
251953216359
251984089855
251928667200
251923202529
251902792326
251964977889
251921017179
251915943017
251956872954
251986555520
251903680805
251947940418
251948864204
251968457275
251925274725
251913993698
251928401409
251919336193
251976560307
251932069778
251956583081
251936170873
251935341129
251950438008
251969190609
251930947428
251920309238
251931879193
251977760226
251937924503
251928203010
251965357262
251994757992
251921734229
251995308276
251905295422
251924456509
251996765798
251937508790
251921033031
251933052942
251985048324
251989357079
251967332074
251954679978
251976297132
251940424848
251980496656
251970649140
251970744396
251921645186
251938068186
251930872709
251904787309
251954952011
251954581779
251992586161
251921710688
251908727600
251921083652
251923582699
251974221294
251962191739
251961123149
251963811786
251921266456
251925129346
251968662798
251928753217
251989081286
251909019681
251928256660
251905472080
251980546894
251905070031
251919411254
251900872951
251983844924
251911109692
251912487857
251997191982
251985942273
251924123904
251953939872
251975105441
251916554791
251990005225
251910934897
251970596382
251910983996
251937124518
251983171080
251913946053
251942035927
251987061165
251937510656
251900055958
251985808859
251952039393
251982846088
251927931660
251911751091
251938399128
251963077927
251942266753
251907504098
251901780326
251974822994
251977971635
251950746772
251977894193
251934763471
251938549744
251989909103
251963504490
251965145532
251962140239
251955214648
251989965947
251928446179
251983288251
251989857477
251922817917
251951403891
251934308075
251972088914
251974152589
251951550200
251939424549
251933707436
251938721473
251922774075
251930009912
251910609171
251927440970
251969599954
251928964513
251945907046
251905085139
251945475933
251930898350
251914612642
251947380743
251934337008
251912236976
251940622434
251974297374
251966665984
251998723737
251930165787
251923285850
251995478861
251953388186
251910755391
251919097643
251942042728
251956289103
251930950139
251974734151
251907370724
251924999387
251914531459
251987776899
251968620274
251938426800
251912493568
251903966028
251928387777
251953217511
251942163070
251922063002
251961748656
251983395241
251941169704
251954280739
251935301196
251910852981
251997694410
251938601859
251912293148
251930000653
251984204821
251941046256
251914553182
251929546595
251901668813
251957512850
251939540723
251953145342
251911695175
251994852348
251983914541
251912070243
251920241611
251912692649
251962476298
251916303149
251921706167
251945328199
251968204840
251907994254
251965856664
251935289581
251935697579
251950422444
251904056768
251952024412
251960512198
251988187170
251955221603
251967761829
251911939944
251953979141
251942537338
251974318138
251988822341
251986365919
251943970684
251961459207
251984372049
251988725248
251976810053
251915837311
251957757200
251911814465
251976815234
251908986139
251983796790
251952371467
251918501325
251912099710
251943236343
251961986960
251978985783
251908487397
251974809126
251955233520
251923187047
251960260562
251960173691
251969214259
251978760985
251909858915
251917848667
251904637510
251938372012
251970596185
251938733976
251920288958
251969116779
251909352033
251975158173
251940836820
251991004545
251907992417
251915005407
251910681784
251921182734
251951914680
251909214991
251911686088
251920571991
251930180069
251968934995
251911022905
251963561942
251982929171
251962958475
251987360791
251900330546
251930898358
251970076659
251911005034
251926763960
251972178539
251925072982
251946745700
251946760075
251988851851
251983572804
251923107472
251912944174
251942100953
251947723720
251926164050
251966441382
251935469862
251986774323
251943119732
251931512207
251927372860
251930713487
251917253453
251998935351
251967057488
251970955435
251913547506
251911861795
251922936159
251953923604
251984123110
251963825328
251998954306
251930839213
251928403429
251940673231
251945697058
251939268342
251940707477
251992815190
251954375413
251951125578
251924982277
251924680088
251945231530
251947044483
251949470683
251911689308
251904092531
251983988915
251913615495
251939878640
251951817273
251912974207
251909820060
251965900470
251907936363
251944213463
251974166844
251994376264
251906747520
251965187556
251978377990
251972339754
251910110939
251913004874
251902422548
251985861238
251927811983
251981861896
251948020961
251953221713
251924051582
251964722572
251905009634
251904544140
251906052335
251908902728
251917709466
251930431038
251951602139
251940097846
251904346140
251983516105
251995263351
251923470369
251964479734
251910074231
251944365602
251954856220
251984574661
251980381314
251934131883
251916315563
251942054050
251967647739
251989477647
251916530279
251945229604
251994723344
251939796687
251979028151
251993490202
251906123234
251953790332
251955361236
251951310370
251928359029
251964328444
251901692604
251953454865
251984017783
251981561693
251985537131
251940951754
251952566842
251980615558
251954042395
251922361011
251913854616
251993676054
251956636860
251983029041
251956161924
251985385693
251906368249
251926181173
251978899952
251956033433
251984391405
251943035305
251904644152
251932233254
251958589888
251938154063
251954631598
251926961314
251997086069
251930428623
251960179293
251982372582
251954376751
251912509303
251900570019
251983939608
251938773973
251960752508
251936513052
251929771622
251960407960
251933939321
251914359671
251947391584
251960912162
251918284767
251909335464
251920083096
251973062827
251931429599
251939422838
251985448790
251969018071
251998582341
251975539447
251991071392
251904238866
251907986590
251967970949
251984020131
251984588740
251910348389
251980900351
251988894009
251962831283
251999489588
251960741714
251972390948
251925620922
251928238183
251904209144
251916402257
251928945748
251913456022
251985095815
251954916068
251930123277
251917178407
251920251456
251913848050
251960502198
251973028263
251953056180
251984609898
251973818102
251985163178
251935975109
251917578755
251988705133
251911774980
251947154626
251955677743
251968044261
251928558857
251980525392
251923751694
251940813818
251910671212
251910928321
251934182408
251939601211
251993236010
251909550483
251987277630
251975252275
251916316039
251967190050
251950017614
251934704396
251949317889
251904676665
251965698802
251933672051
251912254042
251946229925
251976297133
251998155957
251996960074
251929039248
251994581467
251911761105
251939750872
251978642100
251918455808
251941344411
251912957802
251995433655
251941289616
251960309650
251980576505
251919166360
251933584562
251906809723
251972060914
251902871723
251981682043
251907677704
251905834453
251923254517
251940921269
251971771234
251961034044
251988764290
251928974030
251946697256
251978113040
251921171603
251933622103
251906025033
251975504165
251912263697
251985339504
251963112449
251969002469
251975704979
251942434871
251946405795
251910914001
251904085080
251930192319
251942685208
251962344262
251929049760
251982699904
251991770606
251908098980
251931128064
251917579080
251954881196
251911304239
251930444779
251939795356
251973504622
251974242615
251977151002
251981951956
251929710904
251974667831
251983613983
251946090203
251926411966
251900440353
251905009929
251967215470
251977580037
251936994859
251985803008
251970266943
251901018469
251938394077
251921976426
251944103581
251931839683
251908682443
251921388668
251953405717
251947502592
251930671175
251969500525
251942400136
251996645438
251929633990
251957405247
251951112609
251978796697
251941455270
251968929000
251907122177
251911190670
251957867092
251923499544
251946106209
251967255714
251918235619
251926598560
251994413376
251999534981
251930893721
251932069658
251949965177
251972069107
251916205565
251948660002
251929917318
251973835378
251947031701
251983184933
251902752987
251916670896
251911956674
251909209867
251962239630
251918747866
251979646418
251901458258
251967560001
251916321687
251932169449
251964404753
251966810164
251912602246
251992937317
251974717724
251905772980
251989726338
251938732012
251962323220
251953668163
251904925000
251913165539
251943183527
251967048961
251906578081
251999266766
251977488181
251908721674
251937516763
251983824848
251967535362
251940744880
251910229106
251978487638
251985287901
251943373647
251929853792
251945393286
251928814469
251943676704
251913837678
251955929616
251972594813
251989760005
251955321645
251901055552
251976044090
251914793527
251907736295
251986885774
251912730724
251994428250
251953711913
251928727044
251983366465
251928402914
251900538106
251931899983
251979957419
251954914576
251922936673
251951206930
251977306104
251961712511
251925999700
251930686826
251902777165
251982166232
251930742984
251902783274
251904600009
251989399634
251921240375
251926790148
251938297148
251955019952
251965455133
251974752778
251912216706
251936145854
251901097574
251929200944
251939297252
251948046804
251976732580
251964274766
251900044684
251965135696
251994125984
251989941700
251976988967
251929037215
251972996950
251954861932
251981545978
251926693848
251925644682
251940667981
251928398565
251950487257
251988907713
251946440300
251963108781
251903781670
251939905685
251956375643
251912632020
251925834133
251976202746
251946301276
251974019890
251917103990
251915581281
251902404537
251962199318
251970083968
251921417868
251906388097
251932007462
251954285203
251964647409
251988884076
251912326827
251916696240
251949769911
251973737705
251974572404
251946956520
251942628802
251915488770
251999022659
251907799717
251993797663
251977597598
251937106540
251918807621
251941774257
251961092091
251915613508
251932600822
251929808077
251946715384
251969931922
251906499589
251931412239
251966996699
251913902204
251925584912
251972532009
251923988759
251997985655
251975489035
251933022006
251944604693
251935667179
251954263949
251900084149
251939141618
251956549767
251907546549
251924924209
251966508814
251983008361
251932416028
251932078422
251912793011
251910698497
251962342211
251988316935
251919921603
251985508510
251900591005
251992928978
251914075153
251922239593
251980704125
251913881283
251969419595
251998466798
251969699206
251943349345
251971790233
251919873933
251904967094
251910267221
251961436633
251989640429
251936134692
251972310186
251923430304
251956720777
251946521768
251949203517
251962170268
251935917706
251918830825
251973045324
251957500887
251968046208
251983981644
251906623912
251966622694
251904193722
251919862151
251948127709
251938374838
251973391541
251985832020
251993920294
251977418723
251942838446
251985352168
251939859277
251911948886
251964779272
251927110708
251938297792
251983473039
251908381007
251970072432
251934119293
251932174383
251973427745
251937646885
251967811852
251991666424
251905241618
251950405844
251903637265
251945010399
251913255717
251936385488
251989238714
251906710302
251938584872
251922857234
251907143610
251908614342
251922425742
251962912456
251911190643
251936320016
251949527218
251949186018
251900468013
251942000411
251979835648
251979944276
251923553033
251914943097
251936582831
251937094129
251949537734
251933542218
251920911224
251911199675
251983435363
251941131575
251902410509
251967356636
251938555549
251965772245
251922564647
251929631989
251935627532
251979355325
251934965792
251910164527
251973655314
251929120214
251911053381
251937062780
251929097938
251974421155
251968752424
251995376264
251924585675
251919341892
251974445159
251920122425
251937465484
251984876426
251983116203
251910404540
251912203677
251945207235
251918389124
251961555015
251909557025
251946044992
251907876664
251931998991
251979202184
251966821627
251983752665
251988926708
251910961881
251990821969
251900150202
251935760917
251917257764
251967350259
251915960076
251970476928
251966315839
251901331882
251979583537
251999087362
251904803792
251962937330
251922326558
251916219940
251982511353
251908290864
251926136873
251991149967
251922580474
251964865314
251933202283
251924464967
251988689893
251989678777
251977458942
251970326002
251926450524
251977134928
251970604061
251904346893
251978266687
251939228768
251933851716
251930871257
251968344289
251972646318
251917397021
251942075400
251927212027
251941263847
251944685906
251902413638
251905160174
251992692329
251939633434
251909462671
251954373112
251931680242
251945775888
251950500119
251999110612
251923128834
251922355112
251946341479
251962944888
251929665110
251965563387
251996900907
251903447110
251992534981
251941991057
251991376594
251900050135
251903394322
251950033353
251974900404
251983727545
251949742284
251905821623
251924558346
251941627813
251903805647
251901280676
251938763021
251974714474
251979417070
251991676716
251928567200
251929503644
251903833411
251910942153
251914038183
251955942344
251938978377
251919928577
251901945955
251901530596
251970479413
251952232888
251942178851
251938121955
251910208973
251983547714
251993701521
251924620754
251983335823
251974320067
251989056866
251946836823
251974975455
251921450055
251936247282
251979009604
251946724605
251962187531
251979400809
251946513274
251934491612
251908046752
251953313930
251986895858
251993042549
251907250335
251935964556
251992399683
251994309780
251902371102
251939055726
251912797046
251975964878
251988474012
251923961866
251926565858
251948492893
251976020433
251969053415
251957463519
251946152014
251962353826
251972676243
251903276153
251902524289
251920854356
251992824576
251987122809
251932063412
251950798651
251988867713
251904816724
251955540759
251957107826
251913740757
251936006803
251944109977
251987489308
251919441015
251919366169
251971850535
251937115189
251939225279
251963782271
251967732151
251977690549
251973990292
251910375453
251942884778
251941817765
251934340649
251913597229
251966126630
251928665686
251954868288
251978345472
251969313716
251980864733
251967711285
251913310376
251908255218
251995270874
251942469089
251912873089
251931455289
251909835759
251984082432
251901206220
251961507015
251984580535
251992139694
251931848769
251907991833
251914716787
251912743341
251946622535
251903584281
251969047324
251947187421
251980721674
251990387376
251928393909
251918058474
251953932571
251907787709
251941529978
251943260754
251995877887
251921499191
251919148311
251938801707
251998575000
251903733751
251984516699
251944397138
251994744001
251997770252
251933387525
251977098673
251996655184
251920261499
251974937193
251930598654
251921279805
251974627788
251918894985
251960797178
251964787859
251904436790
251984294466
251982208863
251935198430
251974756463
251945314145
251941935876
251910324675
251987041844
251961343597
251968731572
251921128202
251955325581
251988241712
251991931493
251920724510
251927168129
251957676349
251916429999
251991737443
251969602116
251912603878
251934195348
251974244212
251957502700
251934810156
251989635298
251939561788
251916299917
251988665221
251941993351
251970161364
251965125075
251997524261
251993355810
251969866723
251971823231
251946395084
251951877979
251973764957
251989995365
251981597912
251903186754
251980423184
251918420842
251961383925
251975776952
251924411364
251974684002
251935579909
251942132715
251955298899
251924875826
251929865003
251932212022
251969692727
251974003194
251974363991
251921483690
251929775937
251991796283
251912270408
251953681552
251904735492
251912953633
251962568889
251941604316
251952521110
251968123136
251969388249
251988582161
251961021728
2519337399109
251985941364
251902419530
251988330302
251924828597
251921143196
251914208553
251901329568
251972137949
251976531193
251948171787
251939097916
251963547051
251944022679
251914867241
251940318284
251919616579
251992610618
251991119539
251985809808
251947338311
251970862975
251910222314
251904646097
251938912169
251995314771
251964338996
251946958217
251992640883
251922808660
251914919599
251944294745
251940091427
251980223527
251953431365
251939468543
251908931322
251932443654
251989863307
251920060667
251966183065
251948363887
251904772737
251909566445
251955927363
251987221520
251968520819
251968390782
251941355925
251979953167
251967987583
251921378547
251987879169
251983541290
251910384545
251931036477
251977479009
251961538710
251978556713
251999680409
251989848709
251924778856
251911502974
251979122922
251967047047
251946679434
251908774748
251962294538
251940037199
251928052024
251907088661
251946825788
251934130525
251907079152
251903905650
251950270280
251960893080
251979009648
251923808834
251945607792
251928662366
251901644559
251912048437
251911448665
251925759941
251903043574
251931993234
251904147685
251901779771
251986289858
251903807540
251964831164
251934068030
251922773430
251901408880
251918187842
251938051401
251921334934
251989797770
251939127021
251955439408
251943045981
251952192291
251975231660
251946994296
251963035767
251953884467
251957520045
251994015219
251946027388
251923545832
251936211841
251949760780
251938448096
251910570128
251976034815
251935211814
251923564878
251919774621
251906648734
251949800805
251953418033
251962015547
251931157545
251966567631
251903295775
251984045321
251937147373
251946136309
251978664553
251985280779
251952696245
251913749949
251939998527
251954970659
251955043351
251924911334
251930724319
251910706761
251993489987
251923157113
251927980489
251928264369
251919719926
251912793010
251932806196
251921955187
251923566874
251906016676
251913125495
251947665823
251991346105
251973069000
251912034454
251991155497
251998977438
251965743128
251929187447
251906017424
251964262017
251939796328
251985376773
251967152681
251910114971
251915468563
251969128676
251901246190
251978149114
251943830623
251916925317
251963135810
251962743927
251987951554
251900571456
251938327941
251974132220
251919966868
251913107218
251931393342
251953817966
251975242385
251961548609
251984314514
251990885817
251902947690
251950607477
251903653038
251907530068
251905726253
251907819408
251920151050
251940407040
251925240148
251934669148
251911049216
251946797863
251997057755
251905963438
251955800339
251978284314
251936869233
251919882010
251940116525
251980744762
251964913139
251985847104
251976027838
251969058111
251916471040
251915070880
251983947618
251991480465
251904157542
251997545358
251987245235
251961510204
251974478196
251929393369
251975453129
251941424157
251999195758
251909914455
251911144747
251993221298
251983692529
251982624523
251960656325
251982009504
251940886814
251966022527
251930063414
251925356200
251923527573
251999495062
251908872794
251934009394
251960893785
251921361135
251938426355
251949820212
251914353672
251924334836
251987068502