251777884221
251710985415
251777478185
251706402006
251714202253
251713577090
251718201932
251710256857
251713582448
251786569722
251799115710
251714316425
251703055524
251714807763
251704410617
251705187872
251722034139
251707255303
251709758769
251721511769
251723841095
251725420489
251786659732
251777686719
251717600148
251722602903
251710655564
251722969414
251713524734
251721631814
251715580074
251709543526
251707029412
251717290919
251706809617
251712006092
251715261896
251786258396
251706837645
251712828410
251715984509
251708906132
251706151066
251715560315
251777784815
251717105573
251712020075
251721611470
251705663945
251703271013
251722223784
251708354019
251799595943
251718622376
251714862164
251715133955
251704126751
251717091189
251707358714
251716931238
251723665452
251708956825
251707180013
251714560301
251721131562
251706067793
251715270099
251704624301
251777129231
251707481058
251712370414
251701017999
251710221461
251704346140
251709052013
251704731659
251706917296
251709856634
251723794366
251703907276
251722212307
251719337901
251786630420
251721017179
251786363905
251726065514
251723333214
251725060855
251786490252
251703603386
251701679181
251713386881
251717994359
251705409949
251713107793
251716359478
251717554279
251707291785
251786889023
251708329729
251722634800
251716872675
251713197440
251786933770
251706453111
251704493167
251709443040
251786573697
251722434330
251710453009
251713583422
251786329493
251799570723
251799815152
251714763205
251703764519
251709518718
251712792152
251786397615
251717033644
251707832235
251714243587
251717874335
251777715725
251721810891
251712296656
251717774115
251714186064
251721790514
251707818970
251701377581
251708132806
251703382217
251722144886
251710624724
251721617540
251712820261
251718291264
251704650416
251711522777
251714217537
251713352779
251713076645
251799197712
251714187450
251703396185
251777902987
251714559241
251704606993
251718690226
251723759072
251715048464
251713788025
251709467826
251754765536
251706184596
251723787883
251799152625
251703337490
251721486751
251723394526
251712928038
251709477531
251726701299
251706685923
251777440934
251709646401
251721702991
251705361858
251785555885
251713892359
251721301540
251718597612
251714503075
251723851331
251707252624
251722462905
251705317273
251709231823
251716155253
251777604537
251713890846
251718101287
251786709580
251714443854
251721157279
251704770552
251710830571
251786074691
251706298038
251799216488
251718690311
251777163821
251777439841
251715378935
251709836746
251777143990
251706419147
251716811186
251716565737
251716609724
251706665361
251709539742
251717132326
251707540323
251709059349
251725445912
251712607161
251718930525
251723946720
251722286036
251703214199
251708860889
251712600101
251706269379
251707183561
251777456788
251723046208
251708023282
251711878711
251703422095
251709442422
251799170142
251714029564
251705462060
251799329436
251703022143
251718800569
251718143403
251786358831
251786459534
251786836539
251721448179
251704570801
251715153410
251799942622
251723986087
251713788254
251708770634
251713738182
251777840087
251704955995
251714609707
251714254330
251709177113
251705924731
251799747705
251710185697
251706225793
251717228212
251709261667
251799505007
251725996571
251703244078
251701787444
251777017468
251704941342
251726158310
251726412044
251709733295
251721763370
251705571064
251707123961
251718127538
251718886838
251703930496
251714802190
251786692798
251786753229
251799523565
251716766683
251723495120
251716606034
251718729195
251723671708
251707457114
251715735748
251726355496
251705648133
251707543516
251713168877
251709646560
251713174384
251725875160
251786173546
251715699898
251707121416
251714753634
251707281110
251718148327
251706343963
251704052950
251707019761
251706684114
251723498535
251725389595
251709675040
251708972795
251718502905
251757502700
251708793670
251717042000
251710398628
251703639373
251721494123
251709979043
251799481227
251786989843
251713094237
251721744715
251708783390
251723797149
251714563664
251726409087
251717150297
251713276089
251726775788
251715070532
251726226062
251708061682
251714202243
251714844887
251799402685
251786298319
251704135605
251726081617
251786679459
251716722323
251711684226
251721744755
251716649455
251721218664
251715151256
251786473429
251722345306
251717113637
251718133639
251710719704
251701360188
251707827587
251703124458
251777046424
251718735580
251786795136
251717823082
251712654549
251799157579
251706689674
251722890098
251718692136
251717548433
251725094007
251715103500
251712430741
251710220676
251707921770
251777877592
251703044159
251701829789
251715178642
251725098505
251718727987
251704340891
251716940491
251703632847
251709408686
251706806511
251718981868
251786758582
251707127069
251709017173
251706975735
251716241179
251722527291
251718311525
251704830157
251725374584
251721662590
251799864124
251704471223
251722792595
251717231653
251712371701
251713727625
251721331750
251704015612
251716649752
251777745352
251723747793
251777414099
251715714470
251710968449
251706093340
251708473746
251725217904
251703773555
251709197720
251707351985
251722525919
251703125472
251713842214
251722645872
251712836241
251703372541
251706588336
251721777002
251708802906
251713216072
251715007771
251714635316
251718626586
251717934539
251705750329
251716537544
251716709489
251710565711
251725935296
251714926233
251717074198
251726806890
251786483465
251705026924
251777890333
251717422979
251706215650
251722950720
251710995502
251718307539
251714879986
251718704527
251713800534
251799231847
251721730744
251780867202
251712747543
251707018596
251725109854
251707529966
251701806705
251713871189
251710968928
251707479044
251706523923
251718441086
251706968494
251703961840
251709595240
251707599852
251707496624
251707942464
251703211602
251705734894
251703460936
251799464485
251717264143
251799105604
251714990457
251705808283
251715931256
251717322274
251718646736
251708831466
251707037375
251799331405
251706492201
251722741436
251703265038
251704281660
251707864256
251703949449
251722098505
251718646501
251723252746
251715506048
251707823368
251708711389
251717893516
251707796949
251715402105
251721021573
251701444014
251707261857
251707643237
251707241191
251708056049
251714572545
251715695343
251725385072
251725170104
251718969625
251708191890
251718129228
251786987810
251723057574
251704223593
251723042409
251701370838
251708604632
251712171289
251725669792
251701957973
251710183552
251718200932
251705361058
251712203509
251709127329
251706298782
251718152903
251713505071
251708773406
251786438598
251721267294
251786977690
251712021428
251721417170
251725165861
251712369000
251718835015
251703862626
251786075179
251711068973
251704545795
251777391377
251715306086
251722602819
251707113442
251715572560
251709607389
251713523205
251723837938
251712371272
251707412233
251707061800
251707756416
251713330067
251715515277
251714332345
251704084121
251701662199
251714647784
251703196639
251721665880
251716756580
251706750430
251777605026
251712186019
251786297770
251713787675
251712596598
251706632969
251723990941
251718433913
251789459534
251708078305
251714786168
251707965591
251709027896
251799422688
251716125954
251703188343
251718087418
251714790737
251707396298
251703165742
251726474770
251715442369
251712171472
251714846112
251710020584
251703548247
251704859292
251723219516
251721396635
251717737160
251718502906
251709249949
251708432488
251716865284
251717542467
251708723059
251722899267
251707077369
251701503438
251714363448
251703731906
251715875197
251705694034
251708855107
251704252591
251799111817
251722603903
251706628472
251701088021
251703018861
251709137952
251713507577
251777287393
251712011043
251704623727
251709648229
251704447320
251716784715
251715335652
251713797341
251712463474
251703385487
251721452735
251725996574
251710228599
251786772973
251705639948
251710561913
251706372118
251725253719
251712971635
251723221977
251715887760
251725685502
251713810166
251712738697
251722162153
251765940859
251704318342
251715656009
251721512298
251777946189
251717253073
251704248399
251705755745
251713165610
251715651120
251707130444
251715901093
251716635571
251713952627
251721857814
251715416656
251721772678
251717542767
251713352853
251786715336
251777775317
251722327941
251711306425
251712249959
251701978444
251715493918
251714735062
251722784981
251708104077
251701122290
251713160279
251704615130
251721585427
251709990639
251703726764
251713570081
251706630975
251706008459
251714896494
251708425178
251703254134
251718802496
251723623220
251721232821
251702299359
251721975401
251703597870
251777785536
251716704035
251722230050
251712060414
251714331461
251721970904
251715443642
251707208100
251707322524
251721569742
251717936285
251723671707
251799937582
251708142878
251704490022
251715696588
251715153584
251708862845
251777702333
251706166529
251709722358
251721704721
251799109517
251707255717
251716239414
251703993422
251777056938
251716034449
251716692726
251703881828
251725829727
251786230931
251717790513
251786012316
251714643599
251701261010
251708356492
251717242748
251714514200
251722903288
251786219389
251726615939
251705142446
251716642388
251717723166
251786531321
251751361109
251713649318
251710723515
251710241797
251725977984
251786637842
251706782345
251714864011
251712107832
251704911650
251723930555
251721388641
251703338281
251726605249
251707564157
251714886553
251703308172
251707603457
251717330216
251703652670
251708097916
251725807851
251725847254
251716860613
251717580789
251718888732
251705746125
251704619160
251701142013
251717471874
251718507940
251710554480
251799420185
251713183661
251706030016
251717716959
251703413992
251777401337
251713930500
251777163021
251707038259
251712363593
251777803891
251703211605
251725080171
251714766821
251716837747
251721790558
251712193492
251713453517
251713016282
251703015026
251786171213
251713234802
251714791472
251703150221
251702056924
251716005510
251725796682
251702256755
251786555450
251786536739
251713296331
251701556566
251777155085
251715814946
251712570167
251701103439
251705413198
251726821899
251704687565
251725688686
251707879281
251718144854
251716851241
251712270129
251710697887
251777998845
251777624210
251777803802
251709806870
251799783586
251712963358
251716133340
251722318828
251722797011
251722368381
251705206431
251709037451
251710221151
251704080076
251710950037
251718605270
251713836340
251704255553
251721419514
251714166820
251709523496
251707320734
251712226343
251704851428
251710996775
251709685994
251709814791
251799644806
251715974555
251722258485
251710062947
251716359468
251716651406
251716477388
251707501540
251707323471
251799307413
251718443482
251708979771
251799663122
251703642281
251707172016
251707197618
251704567460
251704365714
251716604470
251718500905
251786874432
251701462113
251714790977
251708092281
251716154670
251714860058
251717381119
251721718563
251717147438
251799501812
251713103661
251725242238
251707873272
251726322383
251709045925
251799221651
251714483841
251786989943
251707127852
251710562825
251777581402
251709100498
251718719964
251723894650
251718190213
251707883262
251707721830
251701207348
251716812184
251723210208
251723689729
251700150351
251703872727
251721298808
251710699206
251712066578
251714357801
251708172410
251723192943
251714277384
251716967129
251710205400
251714907841
251786472676
251723319516
251715234758
251703662480
251777779693
251718804828
251715697372
251721140800
251701687550
251704158623
251723392159
251721215542
251713777600
251708490875
251786108852
251725850328
251799537510
251713779831
251777466213
251703174507
251701085276
251726427629
251707607619
251721502916
251715462495
251723632978
251708584113
251716329616
251701409783
251717570747
251714243785
251714017223
251777442120
251721454889
251708011278
251705997721
251777246540
251725580106
251714982711
251707369587
251701200839
251707714699
251799822426
251716300374
251703090238
251722458872
251709470599
251705433474
251718819782
251707904747
251715384843
251717441950
251716692756
251718373829
251721509487
251713904417
251703078361
251717015573
251716057905
251712048080
251727089043
251705021048
251710510254
251708673397
251786236744
251799744074
251718438391
251704031213
251707929417
251701012961
251707827424
251703936974
251717302967
251718942110
251799706934
251714167353
251799479838
251709763289
251723136511
251717412207
251726904468
251725447136
251717135099
251714106756
251709076222
251716641332
251721705658
251786393640
251786558528
251722870920
251777050548
251712194703
251723782583
251706335047
251707151455
251716933321
251704851528
251716101509
251786978057
251704106335
251712385831
251717202734
251723407447
251712212720
251721662690
251716592921
251717953566
251703996216
251713912109
251716437898
251703973113
251777039665
251708398003
251709216270
251710983827
251722306268
251712511814
251718435931
251706783447
251714906667
251705652446
251707440479
251707028231
251715720016
251786550734
251712101550
251715000972
251721717713
251777401330
251722025658
251717826082
251701420839
251777626236
251786573897
251705003677
251703892563
251712976089
251712738607
251703941862
251717669390
251726459698
251701027264
251712067572
251718671752
251716801535
251712111599
251714695099
251704403632
251713691734
251712148233
251721442053
251712370827
251703112680
251714593847
251701445407
251712909059
251709638187
251725653272
251725276403
251717074798
251707825654
251715156054
251714605841
251701979101
251799213163
251715864642
251704360358
251713416858
251722044084
251705043606
251703866076
251714393929
251705754260
251799153094
251718897822
251707186238
251706391940
251707922912
251703219923
251705881498
251712904513
251723785080
251704312019
251786777531
251786538085
251704628689
251701819789
251704504440
251712912825
251712037407
251715676243
251721954573
251716337901
251701378767
251715529448